Asset      Sale Price (SEK)   Cost Basis (SEK)  Gain/Loss (SEK)
-----------------------------------------------------------------
USD                  20 685             20 706              -21
USD                 119 976            120 096             -120
ADA                     826                829               -3
ADA                   1 443              1 327              116
USD                  10 728             10 727                1
USD                   2 146              2 145                0
ADA                   9 521             10 585           -1 064
SOL                  24 771             24 332              439
ETH                  11 697             12 410             -713
ADA                     381                423              -43
ETH                   6 256              6 205               51
ETH                   3 104              3 103                2
USD                   9 082              9 123              -41
SOL                  76 799             77 863           -1 064
USD                   1 816              1 825               -8
ETH                   9 703              9 762              -59
ETH                     480                488               -8
BTC                  15 982             15 755              226
BTC                  12 785             12 604              181
ETH                   1 566              1 562                4
SOL                  15 778             14 834              944
USD                   9 774              9 819              -44
USD                     489                491               -2
USD                     977                982               -4
USD                     489                491               -2
ETH                     692                685                7
SOL                  20 356             19 703              653

TOTAL               388 302            388 875             -573

total 45
Withdrawal:9
Transfer:4
Deposit:5